20
2
8
17
10
17
4
6
11
17
5
17
3
8
20
20
3
17
8
7
7
7
12
5
17
6
15
7
8
19
19
2
5
8
17
16
15
5
5
14
8
12
7
19
12
5
10
1
4
14
18
5
17
12
9
11
3
11
13
19
18
7
10
2
4
15
12
14
9
2
9
2
20
16
6
6
1
17
15
14
11
10
12
5
20
9
12
14
12
19
19
11
5
17
14
9
1
20
9
4
4
5
4
7
20
16
4
14
10
7
16
4
10
8
7
4
4
17
16
12
9
14
4
5
20
20
12
10
12
18
14
3
19
14
14
10
3
8
20
16
18
4
1
6
6
10
11
16
7
2
16
19
7
8
5
10
18
5
8
3
17
17
3
10
6
12
10
16
4
20
17
1
2
9
14
15
3
12
9
16
7
9
7
8
6
8
10
7
7
6
18
2
20
5
9
13
18
1
19
2
9
12
1
19
20
9
16
5
1
4
2
13
9
8
13
6
11
15
14
15
1
13
4
20
5
5
12
18
9
5
2
20
6
3
14
2
19
20
7
19
16
19
3
4
5
18
16
2
6
15
7
20
9
13
6
1
11
7
17
14
11
18
5
18
13
3
18
20
11
12
14
3
13
3
13
4
11
7
6
10
2
19
11
3
20
18
15
14
14
4
11
2
6
2
6
11
18
13
8
20
16
19
11
12
20
15
9
17
5
10
12
14
4
19
11
5
3
4
20
17
7
7
4
18
18
14
16
20
10
13
1
15
16
5
2
5
19
12
9
15
18
14
9
18
7
18
6
20
19
8
17
3
18
20
3
6
8
2
13
9
19
3
6
6
8
6
7
13
11
4
20
15
10
3
7
5
2
19
13
15
6
13
6
17
18
13
7
14
1
16
9
10
17
12
11
2
15
1
8
18
10
8
2
6
17
15
4
10
5
9
6
4
19
6
10
1
8
5
18
14
17
9
5
19
18
8
15
14
11
9
14
19
13
12
2
13
2
17
13
4
11
5
12
3
3
19
2
14
18
1
6
16
9
12
3
14
2
1
8
9
2
6
16
13
12
20
1
19
10
2
12
11
4
4
19
14
16
18
5
8
8
15
9
13
7
5
17
9
2
7
7
8
10
17
9
2
20
12
20
12
9
20
20
17
14
7
12
5
6
12
9
1
16
9
2
12
12
13
2
8
17
12
16
12
17
20
20
4
8
11
15
13
17
19
7
8
20
17
5
7
19
15
17
5
7
12
19
14
13
11
10
2
16
9
4
12
10
15
20
7
1
13
10
3
17
5
18
8
12
18
6
14
13
12
14
20
14
20
1
13
3
20
1
9
14
5
5
8
17
4
10
12
1
16
1
14
8
19
10
13
11
16
19
2
16
4
12
3
8
11
6
8
19
17
12
14
10
1
15
10
14
2
3
15
13
17
6
1
11
12
12
1
7
15
5
8
2
1
6
2
1
16
12
10
16
3
17
3
17
18
1
4
12
14
17
17
8
18
6
15
10
9
9
9
20
19
7
13
2
6
2
6
8
20
17
2
16
10
9
18
12
4
4
1
5
19
17
18
18
3
15
2
4
15
1
16
11
19
19
8
14
7
2
17
7
4
2
3
17
13
15
3
7
8
16
9
14
6
20
20
6
9
16
11
13
20
15
11
4
2
11
19
14
7
8
17
3
7
12
5
7
4
5
1
1
12
12
5
17
14
5
10
4
6
18
1
19
20
13
16
2
13
18
9
18
17
20
3
10
6
8
2
7
20
5
5
10
16
5
2
19
20
14
5
16
6
13
4
17
2
9
14
4
16
1
2
8
4
4
16
18
20
15
11
14
6
10
11
17
17
15
16
18
10
18
10
13
16
7
14
19
2
10
12
18
3
9
18
2
11
6
6
13
3
15
1
12
8
2
8
13
9
6
17
15
4
15
17
12
19
10
15
17
13
15
11
7
8
8
12
16
19
17
9
4
5
12
17
6
17
11
19
13
14
10
12
16
6
6
11
10
11
4
19
3
13
2
19
9
19
16
20
13
10
9
13
3
3
7
17
6
9
20
7
5
4
17
7
5
11
4
8
11
18
15
6
1
16
18
20
12
11
19
1
2
10
1
3
4
3
14
7
11
15
19
2
9
5
13
1
18
16
14
6
12
14
15
7
5
17
4
14
6
5
19
2
1
10
1
9
7
9
12
4
11
3
7
12
18
10
3
12
16
7
13
1
3
19
7
9
1
17
16
17
9
7
10
19
3
18
20
14
11
16
12
16
2
10
14
12